9890       5      5       6     12       9     11      12      5        2      5       6      9       2     10      29     14       1      2      17
      4     9907      5       2      2      16      4       3      8       1      2      30      2       0      3       5      5       4      3       2
       3      4    9888      18      2       8      5       6     13       1      1      10      1       1      2      13      8       1      3       1
       4       2    21     9905      0       7     28       5      6       0      0       5      0       0      3       7      5       0      1       0
       3       1      1      0    9946       0      0       1      1       1      1       0      1       1      0       3      1       1      1       2
       4      11      7       5     1     9856     18       2     14       1      3      14      6       1      4       5      5       1      1       2
       8       5      6      30      0     28    9890       2      7       1      1      15      3       0      4       7      5       1      1       3
      11       4      9       7      2       4     3     9952      3       0      1       3      1       0      2      10      2       2      1       1
       1       4      7       3      1       9      3      1    9895       1      1       3      2       2      1       2      2       1      9       1
       2       1      2       0      2       2      1       0     2     9878     22       2     26       7      1       1      5       2      2      42
       5       4      2       0      3       8      2       1      3     35    9919       3     48      22      4       3      4       5      5      19
       5      33     13       5      0      22     15       2      8       2     2     9883      5       1      4       6      9       1      2       2
       3       1      1       0      2       4      1       0      2      10     12      2    9859       5      0       2      3       1      1       4
       1       0      1       0      3       1      0       0      4       5     10       0     9     9923      0       1      1      10     28       3
       6       2      2       2      0       5      3       1      2       1      2       3      0      1    9943       6      5       0      1       2
      23       5     17       8      9       9      7       8      6       1      2       7      4       1     8     9862     32       2      4       2
      11       5     11       6      4       8      5       2      7       6      2       9      7       2      7     33    9879       1      2      12
       0       1      0       0      1       1      0       0      1       0      1       0      1       3      0       0     0     9956      4       0
       1       2      2       1      3       1      1       0     13       1      2       1      2      22      1       2      1     10    9924       2
      15       2      1       0      8       3      4       1      2      51     14       3     12       5      2       3     14       1     4     9884

